194
198
138
161
139
118
139
156
162
115
196
119
192
177
196
149
191
194
190
145
149
168
121
117
151
177
154
156
127
166
102
174
155
103
184
188
117
133
127
189
170
162
128
105
198
149
174
120
141
188
111
179
114
127
162
117
141
141
130
102
190
155
144
180
131
184
188
118
187
152
178
172
124
115
191
131
135
141
113
195
171
189
173
106
159
132
197
109
192
174
137
136
155
173
188
120
155
132
104
199
123
126
189
176
179
189
188
151
147
102
119
188
123
127
198
152
165
182
119
181
164
123
180
162
165
184
122
165
171
133
160
131
181
159
173
184
171
184
193
134
198
147
132
150
138
144
124
199
124
131
185
107
125
112
148
176
162
192
102
187
162
149
160
126
194
115
152
108
172
160
144
111
149
137
164
118
177
162
112
164
137
105
151
122
173
129
112
190
146
134
179
197
190
185
150
198
189
164
100
130
107
170
